2013;1;4;4;3
2013;1;4;7;3
2013;1;4;7;3
2013;1;4;7;3
2013;1;4;3;3
2013;1;8;7;3
2013;1;8;7;3
2013;1;11;7;3
2013;1;8;7;3
2013;1;8;7;3
2013;1;16;7;3
2013;1;15;7;3
2013;1;17;7;3
2013;1;4;3;3
2013;1;18;7;3
2013;1;24;7;3
2013;1;24;1;3
2013;1;4;1;3
2013;1;8;1;3
2013;1;11;1;3
2013;1;15;1;3
2013;1;16;1;3
2013;1;17;1;3
2013;1;18;1;3
2013;1;14;7;3
2013;1;15;7;3
2013;1;15;6;3
2013;1;15;7;3
2013;1;15;6;3
2013;1;16;7;3
2013;1;16;6;3
2013;1;14;6;3
2013;1;15;7;3
2013;1;16;7;3
2013;1;14;7;3
2013;1;14;6;3
2013;1;15;6;3
2013;1;16;6;3
2013;1;16;7;3
2013;1;14;7;3
2013;1;16;6;3
2013;1;16;7;3
2013;1;15;7;3
2013;1;15;6;3
2013;1;16;6;3
2013;1;17;7;3
2013;1;16;7;2
2013;1;17;7;1
2013;1;16;1;2
2013;1;17;1;1
2013;1;14;6;3
2013;1;14;7;3
2013;1;14;6;3
2013;1;14;7;3
2013;1;17;6;3
2013;1;17;7;3
2013;1;18;7;3
2013;1;18;7;3
2013;1;18;7;3
2013;1;18;7;3
2013;1;18;5;3
2013;1;18;3;3
2013;1;21;5;3
2013;1;21;7;3
2013;1;21;6;3
2013;1;21;3;3
2013;1;21;7;3
2013;1;21;3;3
2013;1;21;7;3
2013;1;22;5;3
2013;1;22;7;3
2013;1;22;7;3
2013;1;22;7;3
2013;1;22;7;3
2013;1;22;6;3
2013;3;14;6;3
2013;3;15;7;3
2013;3;18;7;3
2013;3;19;7;3
2013;3;12;5;3
2013;3;13;5;3
2013;1;9;4;3
2013;1;10;4;3
2013;1;9;1;3
2013;1;10;1;3
2013;1;12;1;3
2013;1;12;2;3
2013;2;3;0;3
2013;2;4;0;3
2013;2;5;0;3
2013;2;6;0;3
2013;2;7;0;3
2013;2;8;0;3
2013;2;5;3;3
2013;2;6;3;3
2013;2;6;1;3
2013;2;5;1;3
2013;1;10;3;3
2013;1;11;3;3
2013;1;10;1;3
2013;1;11;1;3
2013;1;12;1;3
2013;1;12;2;3
2013;1;11;5;3
